3704
696
246
1502
1
2
56
1
65
47
1
47
106
1
264
84
14
1
7
25
1
17
71
179
7
1
6
1
53
6
36
23
14
135
10
3
3
6
15
466
2
5
6
3
1
1
3
3
3
33
45
1
233
95
38
9
2
2
222
146
58
29
1
7
61
1
6
1
7
7
2
6
15
47
1
2
2
68
128
1
1
3
22
1
7
12
4
3
4
1
1
1
13
1
4
25
16
1
3
25
1
1
28
12
134
1
2
4
3
9
1
1
1
3
1
4
2
2
76
1
27
2
1
1
3
8
16
1
27
18
1
1
1
45
26
1
5
2
122
2
5
4
29
15
1
1
7
7
3
13
3
1
64
4
2
1
20
2
3
4
8
1
1
10
1
1
1
2
5
1
94
8
1
1
1
2
1
1
5
1
11
1
1
1
1
7
1
3
8
2
50
14
1
2
3
1
6
4
2
1
1
2
7
7
1
2
14
1
1
2
1
1
1
3
1
1
8
3
3
3
1
7
7
27
1
3
1
11
8
3
35
3
10
5
1
2
4
2
2
1
2
15
2
1
3
6
1
1
2
14
1
26
1
1
1
1
1
3
1
1
8
5
1
1
1
1
4
6
1
1
9
6
1
2
1
1
2
2
19
4
6
1
2
3
2
1
21
1
12
5
8
24
1
5
14
6
3
4
2
1
6
1
6
1
1
1
1
6
3
1
4
2
1
13
4
11
1
1
9
18
1
1
1
7
2
2
1
3
1
9
1
6
1
8
1
2
1
1
2
1
1
5
6
2
12
1
3
7
1
1
3
1
1
1
4
1
2
1
4
1
3
2
1
5
10
2
1
4
1
1
1
3
17
3
1
6
1
4
2
1
1
13
1
3
1
1
2
1
2
1
3
13
1
6
4
1
1
5
11
8
6
4
1
1
2
1
1
4
9
1
1
18
1
1
4
1
1
11
4
1
3
3
1
1
1
4
1
1
1
2
5
1
2
5
1
1
3
1
4
1
3
4
2
1
2
1
1
1
7
2
1
2
4
7
1
7
1
1
27
7
1
1
1
1
1
1
1
13
1
4
1
1
2
1
2
2
3
2
1
3
5
1
3
1
1
3
1
1
2
1
2
2
11
1
3
1
1
1
1
1
3
2
2
2
1
4
1
1
3
1
2
1
1
5
3
3
2
1
9
6
1
1
3
1
2
1
3
7
1
8
1
2
1
4
1
1
1
1
1
1
1
1
1
1
1
2
1
3
1
1
2
3
4
3
3
2
1
1
7
1
18
2
3
2
1
1
2
1
1
1
2
3
2
1
1
1
2
2
9
1
2
4
1
2
1
2
2
1
1
1
1
1
2
3
1
2
2
1
1
1
3
1
6
1
24
2
1
1
5
1
1
1
9
1
3
1
1
1
1
1
3
2
1
1
21
2
6
1
2
7
1
11
5
1
3
1
1
1
2
1
11
3
1
1
3
1
1
1
6
6
1
1
1
6
1
1
1
1
1
8
3
5
1
1
3
1
34
1
2
1
7
2
5
1
1
2
1
3
1
3
1
1
1
1
1
1
1
1
1
1
1
1
1
1
2
1
7
1
1
1
1
1
2
3
1
1
2
1
3
2
1
1
1
1
1
1
1
1
8
1
1
1
1
1
2
1
1
1
1
1
4
1
1
1
1
1
2
6
1
1
1
1
1
2
6
1
3
2
3
1
2
1
1
1
2
2
1
1
2
3
1
3
1
1
4
1
1
1
2
1
1
4
2
1
1
8
1
1
1
1
1
1
1
1
1
1
1
4
1
3
1
1
1
1
1
1
1
1
1
1
1
2
2
2
2
1
1
1
1
1
1
1
1
1
1
1
1
3
1
1
1
1
1
1
3
2
1
3
1
2
2
1
1
2
2
1
1
1
1
2
2
1
1
1
1
4
1
1
1
1
1
2
1
2
1
1
1
1
1
1
1
1
1
1
1
3
1
1
1
1
2
1
1
5
1
1
1
1
2
1
1
1
1
1
1
2
1
1
1
1
1
1
3
1
2
1
1
1
2
1
1
2
1
1
1
1
1
2
1
3
1
2
1
1
1
1
1
1
2
1
1
2
1
1
1
1
2
1
1
1
1
1
1
4
1
2
1
1
1
1
2
1
1
1
1
1
1
4
1
1
1
1
1
1
2
1
1
1
1
1
1
1
2
1
1
1
1
1
1
3
1
1
1
1
2
1
1
1
1
1
1
1
1
3
1
1
1
1
2
5
1
1
1
2
1
1
1
1
2
1
2
1
2
2
2
1
2
1
1
1
1
1
1
1
1
1
1
1
1
1
1
1
1
1
1
1
1
1
1
1
1
1
2
2
1
1
1
2
2
2
2
1
1
2
1
3
1
1
1
1
1
1
1
1
1
2
1
1
2
1
1
1
1
1
3
1
1
1
1
2
2
2
1
1
1
3
1
1
1
1
1
1
1
1
1
1
1
1
1
1
2
1
1
1
1
3
1
1
1
1
1
1
1
1
1
2
1
4
1
1
1
1
1
1
1
1
1
1
1
1
1
1
1
1
1
1
1
1
1
1
1
1
1
1
2
1
1
1
1
1
2
1
1
1
1
1
2
1
1
1
2
1
1
1
1
1
1
2
1
1
1
1
1
1
1
1
2
1
1
1
1
1
1
1
1
1
1
1
1
1
