625835
117598
41565
253781
169
338
9462
169
10983
7941
169
7941
17910
169
44606
14193
2365
169
1183
4224
169
2872
11996
30244
1183
169
1014
169
8955
1014
6083
3886
2365
22810
1690
507
507
1014
2534
78736
338
845
1014
507
169
169
507
507
507
5576
7603
169
39368
16051
6421
1521
338
338
37510
24668
9800
4900
169
1183
10307
169
1014
169
1183
1183
338
1014
2534
7941
169
338
338
11489
21627
169
169
507
3717
169
1183
2028
676
507
676
169
169
169
2197
169
676
4224
2703
169
507
4224
169
169
4731
2028
22641
169
338
676
507
1521
169
169
169
507
169
676
338
338
12841
169
4562
338
169
169
507
1352
2703
169
4562
3041
169
169
169
7603
4393
169
845
338
20613
338
845
676
4900
2534
169
169
1183
1183
507
2197
507
169
10814
676
338
169
3379
338
507
676
1352
169
169
1690
169
169
169
338
845
169
15882
1352
169
169
169
338
169
169
845
169
1859
169
169
169
169
1183
169
507
1352
338
8448
2365
169
338
507
169
1014
676
338
169
169
338
1183
1183
169
338
2365
169
169
338
169
169
169
507
169
169
1352
507
507
507
169
1183
1183
4562
169
507
169
1859
1352
507
5914
507
1690
845
169
338
676
338
338
169
338
2534
338
169
507
1014
169
169
338
2365
169
4393
169
169
169
169
169
507
169
169
1352
845
169
169
169
169
676
1014
169
169
1521
1014
169
338
169
169
338
338
3210
676
1014
169
338
507
338
169
3548
169
2028
845
1352
4055
169
845
2365
1014
507
676
338
169
1014
169
1014
169
169
169
169
1014
507
169
676
338
169
2197
676
1859
169
169
1521
3041
169
169
169
1183
338
338
169
507
169
1521
169
1014
169
1352
169
338
169
169
338
169
169
845
1014
338
2028
169
507
1183
169
169
507
169
169
169
676
169
338
169
676
169
507
338
169
845
1690
338
169
676
169
169
169
507
2872
507
169
1014
169
676
338
169
169
2197
169
507
169
169
338
169
338
169
507
2197
169
1014
676
169
169
845
1859
1352
1014
676
169
169
338
169
169
676
1521
169
169
3041
169
169
676
169
169
1859
676
169
507
507
169
169
169
676
169
169
169
338
845
169
338
845
169
169
507
169
676
169
507
676
338
169
338
169
169
169
1183
338
169
338
676
1183
169
1183
169
169
4562
1183
169
169
169
169
169
169
169
2197
169
676
169
169
338
169
338
338
507
338
169
507
845
169
507
169
169
507
169
169
338
169
338
338
1859
169
507
169
169
169
169
169
507
338
338
338
169
676
169
169
507
169
338
169
169
845
507
507
338
169
1521
1014
169
169
507
169
338
169
507
1183
169
1352
169
338
169
676
169
169
169
169
169
169
169
169
169
169
169
338
169
507
169
169
338
507
676
507
507
338
169
169
1183
169
3041
338
507
338
169
169
338
169
169
169
338
507
338
169
169
169
338
338
1521
169
338
676
169
338
169
338
338
169
169
169
169
169
338
507
169
338
338
169
169
169
507
169
1014
169
4055
338
169
169
845
169
169
169
1521
169
507
169
169
169
169
169
507
338
169
169
3548
338
1014
169
338
1183
169
1859
845
169
507
169
169
169
338
169
1859
507
169
169
507
169
169
169
1014
1014
169
169
169
1014
169
169
169
169
169
1352
507
845
169
169
507
169
5745
169
338
169
1183
338
845
169
169
338
169
507
169
507
169
169
169
169
169
169
169
169
169
169
169
169
169
169
338
169
1183
169
169
169
169
169
338
507
169
169
338
169
507
338
169
169
169
169
169
169
169
169
1352
169
169
169
169
169
338
169
169
169
169
169
676
169
169
169
169
169
338
1014
169
169
169
169
169
338
1014
169
507
338
507
169
338
169
169
169
338
338
169
169
338
507
169
507
169
169
676
169
169
169
338
169
169
676
338
169
169
1352
169
169
169
169
169
169
169
169
169
169
169
676
169
507
169
169
169
169
169
169
169
169
169
169
169
338
338
338
338
169
169
169
169
169
169
169
169
169
169
169
169
507
169
169
169
169
169
169
507
338
169
507
169
338
338
169
169
338
338
169
169
169
169
338
338
169
169
169
169
676
169
169
169
169
169
338
169
338
169
169
169
169
169
169
169
169
169
169
169
507
169
169
169
169
338
169
169
845
169
169
169
169
338
169
169
169
169
169
169
338
169
169
169
169
169
169
507
169
338
169
169
169
338
169
169
338
169
169
169
169
169
338
169
507
169
338
169
169
169
169
169
169
338
169
169
338
169
169
169
169
338
169
169
169
169
169
169
676
169
338
169
169
169
169
338
169
169
169
169
169
169
676
169
169
169
169
169
169
338
169
169
169
169
169
169
169
338
169
169
169
169
169
169
507
169
169
169
169
338
169
169
169
169
169
169
169
169
507
169
169
169
169
338
845
169
169
169
338
169
169
169
169
338
169
338
169
338
338
338
169
338
169
169
169
169
169
169
169
169
169
169
169
169
169
169
169
169
169
169
169
169
169
169
169
169
169
338
338
169
169
169
338
338
338
338
169
169
338
169
507
169
169
169
169
169
169
169
169
169
338
169
169
338
169
169
169
169
169
507
169
169
169
169
338
338
338
169
169
169
507
169
169
169
169
169
169
169
169
169
169
169
169
169
169
338
169
169
169
169
507
169
169
169
169
169
169
169
169
169
338
169
676
169
169
169
169
169
169
169
169
169
169
169
169
169
169
169
169
169
169
169
169
169
169
169
169
169
169
338
169
169
169
169
169
338
169
169
169
169
169
338
169
169
169
338
169
169
169
169
169
169
338
169
169
169
169
169
169
169
169
338
169
169
169
169
169
169
169
169
169
169
169
169
169
